2 2
1
2 3
1
3 2
1
3 3
1
4 2
1
4 3
1
5 2
1
5 3
1
6 2
1
6 3
1
7 3
1
8 3
1
8 4
1
8 5
1
8 7
3
8 6
3
9 6
3
10 7
3
9 7
3
10 6
3
10 8
3
10 9
3
12 10
3
11 10
3
13 10
3
14 10
3
14 11
3
13 11
3
12 11
3
11 11
3
10 10
3
10 11
3
10 12
3
10 13
3
10 14
3
10 15
3
9 15
3
9 14
3
8 14
3
8 15
3
8 9
2
7 9
2
5 9
2
6 9
2
4 9
2
8 10
1
8 11
1
7 10
1
7 11
1
6 10
1
5 10
1
6 11
1
5 11
1
4 10
1
4 11
1
0 10
1
1 10
1
1 11
1
0 11
1
8 13
2
8 12
2
4 14
3
4 15
3
3 15
3
3 14
3
2 14
3
1 14
3
0 14
3
2 15
3
0 15
3
1 15
3
4 18
1
4 19
1
3 19
1
3 18
1
2 18
1
2 19
1
0 18
1
1 19
1
1 18
1
0 19
1
4 20
1
4 21
1
0 22
1
1 22
1
7 2
1
9 3
1
9 5
1
9 4
1
11 6
3
11 8
3
11 7
3
11 9
3
11 12
3
11 14
3
11 13
3
11 15
3
9 9
2
9 12
2
9 13
2
9 10
1
9 11
1
15 10
3
15 11
3
5 14
3
5 15
3
5 18
1
5 19
1
5 21
1
5 20
1
1 23
1
0 23
1
12 3
1
12 4
1
13 4
1
13 3
1
14 1
1
14 0
1
15 0
1
15 1
1
16 1
1
16 0
1
17 0
1
17 1
1
18 1
1
19 1
1
18 0
1
19 0
1
19 2
1
18 2
1
19 3
1
18 3
1
14 9
1
15 9
1
15 8
1
14 8
1
14 7
1
15 7
1
16 7
1
16 6
1
15 6
1
14 6
1
12 15
1
13 15
1
14 15
1
15 15
1
15 14
1
14 14
1
13 14
1
12 14
1
11 17
1
11 16
1
10 17
1
10 16
1
12 16
2
13 16
2
14 16
2
15 16
2
25 23
1
24 23
1
24 22
1
25 22
1
25 21
1
25 20
1
21 21
1
21 20
1
20 20
1
20 21
1
19 20
1
18 20
1
18 21
1
19 21
1
18 22
1
19 22
1
19 23
1
18 23
1
10 20
2
11 20
2
9 20
2
8 20
2
11 23
1
13 23
1
12 23
1
14 23
1
14 24
1
11 24
1
11 25
1
14 25
1
18 17
3
19 17
3
20 17
3
21 17
3
22 17
3
23 17
3
23 16
3
21 16
3
22 16
3
20 16
3
19 16
3
18 16
3
18 15
3
18 14
3
18 13
3
18 12
3
18 11
3
18 10
3
19 10
3
19 12
3
19 14
3
19 15
3
19 13
3
18 9
2
19 9
2
20 9
2
18 8
2
19 8
2
20 8
2
20 12
2
21 12
2
20 11
1
20 10
1
21 10
1
21 11
1
22 11
1
22 10
1
23 10
1
23 11
1
22 9
1
22 8
1
23 9
1
23 8
1
22 7
1
23 7
1
22 6
1
22 5
1
23 6
1
23 5
1
22 4
1
23 4
1
24 4
1
24 5
1
25 5
1
25 4
1
25 6
2
24 6
2
19 11
3