1 25
2
0 25
2
2 25
2
3 25
2
25 23
2
24 23
2
23 23
2
22 23
2
24 22
2
25 22
2
19 22
2
18 22
2
18 21
2
19 21
2
19 20
2
18 20
2
20 19
2
20 18
2
21 18
2
21 19
2
22 19
2
22 18
2
23 18
2
23 19
2
22 17
2
22 16
2
23 17
2
23 16
2
23 15
2
23 14
2
21 2
2
20 2
2
20 3
2
21 3
2
21 4
2
20 4
2
19 4
2
18 4
2
17 4
2
16 4
2
18 5
2
19 5
2
20 5
2
21 5
2
21 6
2
20 6
2
21 7
2
20 8
2
20 7
2
21 8
2
22 8
2
23 8
2
23 9
2
22 9
2
17 0
2
16 0
2
15 0
2
14 0
2
13 19
2
12 19
2
12 18
2
13 18
2
13 17
2
14 17
2
15 17
2
12 17
2
12 16
2
13 16
2
14 16
2
15 16
2
15 15
2
16 15
2
17 15
2
17 14
2
15 14
2
14 14
2
16 14
2
14 15
2
13 15
2
12 15
2
12 14
2
13 14
2
16 13
2
17 13
2
16 12
2
17 12
2
18 12
2
18 13
2
19 13
2
19 12
2
17 11
2
17 10
2
16 10
2
16 11
2
13 11
2
13 10
2
13 9
2
13 8
2
13 7
2
13 6
2
12 6
2
12 7
2
12 8
2
12 9
2
12 10
2
12 11
2
11 11
2
11 10
2
11 9
2
11 8
2
10 8
2
10 9
2
10 10
2
10 11
2
9 11
2
9 10
2
8 10
2
8 11
2
8 12
2
8 13
2
8 14
2
8 15
2
9 15
2
9 14
2
9 13
2
9 12
2
7 12
2
7 13
2
6 12
2
6 13
2
3 13
2
3 11
2
3 10
2
3 12
2
2 10
2
2 11
2
0 14
2
0 15
2
5 16
2
5 17
2
4 16
2
4 17
2
3 16
2
3 17
2
3 18
2
3 19
2
2 19
2
2 18
2
2 20
2
4 20
2
5 20
2
3 20
2
6 20
2
7 20
2
7 21
2
6 21
2
2 7
2
3 7
2
3 6
2
2 6
2
4 5
2
5 5
2
5 4
2
4 4
2
4 3
2
5 3
2
5 2
2
4 2
2
6 2
2
7 2
2
9 2
2
8 2
2
10 2
2
11 2
2
12 5
5
12 4
5
13 4
5
13 5
5
11 6
5
10 7
5
10 6
5
11 7
5
9 8
5
9 9
5
8 9
5
7 10
5
7 11
5
6 11
5
6 10
5
8 8
5
16 16
5
17 16
5
17 17
5
16 17
5
14 18
5
15 18
5
15 19
5
14 19
5
12 20
5
13 20
5
12 21
5
13 21
5
11 23
1
12 23
1
13 23
1
14 23
1
14 24
1
14 25
1
11 24
1
11 25
1