2 2
1
2 3
1
2 4
1
2 5
1
2 6
1
2 7
1
2 8
1
2 9
1
2 10
1
3 2
1
3 3
1
3 4
1
3 5
1
3 6
1
3 7
1
3 8
1
3 9
1
3 10
1
6 2
1
6 3
1
6 4
1
6 5
1
6 6
1
6 7
1
6 8
1
6 9
1
6 10
1
7 2
1
7 3
1
7 4
1
7 5
1
7 6
1
7 7
1
7 8
1
7 9
1
7 10
1
10 2
1
10 3
1
10 4
1
10 5
1
10 6
1
10 7
1
10 8
1
11 2
1
11 3
1
11 4
1
11 5
1
11 6
1
11 7
1
11 8
1
14 2
1
14 3
1
14 4
1
14 5
1
14 6
1
14 7
1
14 8
1
15 2
1
15 3
1
15 4
1
15 5
1
15 6
1
15 7
1
15 8
1
18 2
1
18 3
1
18 4
1
18 5
1
18 6
1
18 7
1
18 8
1
18 9
1
18 10
1
19 2
1
19 3
1
19 4
1
19 5
1
19 6
1
19 7
1
19 8
1
19 9
1
19 10
1
22 2
1
22 3
1
22 4
1
22 5
1
22 6
1
22 7
1
22 8
1
22 9
1
22 10
1
23 2
1
23 3
1
23 4
1
23 5
1
23 6
1
23 7
1
23 8
1
23 9
1
23 10
1
12 6
2
12 7
2
13 6
2
13 7
2
10 11
1
10 12
1
11 11
1
11 12
1
14 11
1
14 12
1
15 11
1
15 12
1
0 14
2
1 14
2
0 13
1
1 13
1
4 13
1
5 13
1
6 13
1
7 13
1
4 14
1
5 14
1
6 14
1
7 14
1
18 13
1
19 13
1
20 13
1
21 13
1
18 14
1
19 14
1
20 14
1
21 14
1
24 13
1
25 13
1
24 14
2
25 14
2
2 17
1
2 18
1
2 19
1
2 20
1
2 21
1
2 22
1
2 23
1
3 17
1
3 18
1
3 19
1
3 20
1
3 21
1
3 22
1
3 23
1
6 17
1
6 18
1
6 19
1
6 20
1
6 21
1
6 22
1
6 23
1
7 17
1
7 18
1
7 19
1
7 20
1
7 21
1
7 22
1
7 23
1
10 15
1
11 15
1
10 16
1
11 16
1
14 15
1
15 15
1
14 16
1
15 16
1
12 16
1
13 16
1
10 17
1
11 17
1
12 17
1
13 17
1
14 17
1
15 17
1
10 18
1
10 19
1
10 20
1
11 18
1
11 19
1
11 20
1
14 18
1
14 19
1
14 20
1
15 18
1
15 19
1
15 20
1
18 17
1
18 18
1
18 19
1
18 20
1
18 21
1
18 22
1
18 23
1
19 17
1
19 18
1
19 19
1
19 20
1
19 21
1
19 22
1
19 23
1
22 17
1
22 18
1
22 19
1
22 20
1
22 21
1
22 22
1
22 23
1
23 17
1
23 18
1
23 19
1
23 20
1
23 21
1
23 22
1
23 23
1
11 23
1
11 24
1
11 25
1
12 23
1
13 23
1
14 23
1
14 24
1
14 25
1