2 2
1
2 3
1
2 4
1
2 5
1
3 2
1
3 3
1
3 4
1
3 5
1
6 0
2
6 1
2
6 2
2
6 3
2
7 0
2
7 1
2
7 2
2
7 3
2
0 8
5
0 9
5
0 10
5
0 11
5
1 8
5
1 9
5
1 10
5
1 11
5
2 10
5
2 11
5
3 10
5
3 11
5
15 0
2
14 0
2
15 1
2
14 1
2
14 2
1
14 3
1
14 4
1
14 5
1
12 4
1
12 5
1
13 4
1
13 5
1
15 2
1
15 3
1
15 4
1
15 5
1
18 2
1
18 3
1
18 4
1
18 5
1
19 2
1
19 3
1
19 4
1
19 5
1
23 2
1
23 3
1
23 4
1
23 5
1
22 2
1
22 3
1
22 4
1
22 5
1
21 4
2
21 5
2
20 4
2
20 5
2
19 6
2
19 7
2
18 6
2
18 7
2
18 8
1
18 9
1
19 8
1
19 9
1
6 6
1
6 7
1
6 8
1
6 9
1
7 6
1
7 7
1
7 8
1
7 9
1
10 10
1
10 11
1
11 10
1
11 11
1
12 9
2
13 9
2
12 8
2
13 8
2
15 13
2
15 12
2
14 13
2
14 12
2
16 11
2
17 11
2
16 10
2
17 10
2
21 9
5
20 9
5
21 8
5
20 8
5
21 10
5
20 10
5
21 11
5
20 11
5
21 12
5
20 12
5
21 13
5
20 13
5
22 9
1
23 9
1
22 8
1
23 8
1
24 9
2
25 9
2
24 8
2
25 8
2
2 13
1
3 13
1
4 13
1
5 13
1
6 13
1
7 13
1
2 12
1
3 12
1
4 12
1
5 12
1
6 12
1
7 12
1
8 12
5
9 12
5
10 12
5
11 12
5
12 12
5
13 12
5
8 13
5
9 13
5
10 13
5
11 13
5
12 13
5
13 13
5
8 15
5
9 15
5
8 14
5
9 14
5
0 16
2
0 17
2
1 16
2
1 17
2
2 16
1
2 17
1
2 18
1
2 19
1
2 20
1
2 21
1
2 22
1
2 23
1
2 24
1
2 25
1
3 16
1
3 17
1
3 18
1
3 19
1
3 20
1
3 21
1
3 22
1
3 23
1
3 24
1
3 25
1
6 14
2
7 14
2
6 15
2
7 15
2
6 16
2
7 16
2
6 17
2
7 17
2
6 18
1
6 19
1
6 20
1
6 21
1
6 24
1
6 25
1
7 24
1
7 25
1
7 18
1
7 19
1
7 20
1
7 21
1
11 25
1
11 24
1
11 23
1
12 23
1
13 23
1
14 23
1
14 24
1
14 25
1
10 14
1
11 14
1
14 14
1
15 14
1
10 15
1
11 15
1
14 15
1
15 15
1
10 17
1
11 17
1
14 17
1
15 17
1
10 16
1
11 16
1
14 16
1
15 16
1
10 18
1
11 18
1
14 18
1
15 18
1
10 21
1
11 21
1
14 21
1
15 21
1
10 20
1
11 20
1
14 20
1
15 20
1
10 19
1
11 19
1
14 19
1
15 19
1
13 21
1
12 21
1
13 20
1
12 20
1
13 19
1
12 19
1
13 18
1
12 18
1
18 14
1
19 14
1
18 15
1
19 15
1
18 18
1
19 18
1
18 19
1
19 19
1
20 18
2
21 18
2
20 19
2
21 19
2
22 18
1
23 18
1
22 19
1
23 19
1
18 22
1
18 23
1
18 24
1
18 25
1
19 22
1
19 23
1
19 24
1
19 25
1
22 22
1
22 23
1
22 24
1
22 25
1
23 22
1
23 23
1
23 24
1
23 25
1
21 24
1
21 25
1
20 24
1
20 25
1
22 12
1
23 12
1
22 18
1
23 18
1
22 17
1
23 17
1
22 16
1
23 16
1
22 15
1
23 15
1
22 14
1
23 14
1
22 13
1
23 13
1