23 0
5
22 0
5
22 1
5
23 1
5
24 2
5
25 2
5
25 3
5
24 3
5
2 0
5
3 0
5
3 1
5
2 1
5
1 2
5
0 2
5
1 3
5
0 3
5
4 0
3
5 1
3
5 0
3
4 1
3
0 4
3
1 4
3
1 5
3
0 5
3
24 4
2
25 4
2
0 6
2
1 6
2
0 25
2
1 24
2
0 24
2
1 25
2
25 25
2
24 25
2
24 24
2
25 24
2
2 2
5
3 3
5
3 2
5
2 3
5
0 23
3
0 22
3
1 22
3
2 24
3
2 25
3
3 25
3
3 24
3
1 23
3
23 24
3
23 25
3
22 25
3
22 24
3
21 24
3
21 25
3
20 25
3
20 24
3
22 23
3
22 22
3
23 22
3
23 23
3
25 22
3
25 23
3
24 23
3
24 21
3
25 20
3
24 20
3
25 21
3
24 22
3
21 21
1
21 20
1
20 20
1
20 21
1
19 21
1
19 20
1
18 20
1
18 21
1
19 22
1
18 22
1
17 22
1
16 22
1
16 21
1
17 21
1
2 21
1
2 20
1
3 20
1
4 20
1
5 20
1
5 21
1
4 21
1
3 21
1
4 22
1
6 22
1
7 22
1
6 21
1
7 21
1
5 22
1
6 19
1
7 19
1
9 20
1
8 20
1
11 21
1
10 21
1
12 21
1
13 21
1
15 20
1
16 19
1
17 19
1
18 18
1
19 18
1
20 18
1
21 18
1
5 18
1
4 18
1
3 18
1
2 18
1
3 17
1
3 16
1
4 15
1
4 14
1
4 13
1
4 12
1
5 11
1
5 10
1
5 9
1
5 8
1
6 8
1
7 8
1
6 7
1
6 6
1
7 5
1
7 4
1
8 3
1
9 3
1
10 2
1
11 2
1
12 2
1
13 2
1
14 3
1
15 3
1
16 3
1
17 3
1
18 4
1
19 4
1
20 5
1
21 5
1
22 7
1
22 6
1
22 8
1
22 9
1
21 7
1
21 6
1
19 7
1
20 7
1
18 7
1
16 7
1
17 7
1
15 7
1
14 7
1
13 7
1
11 7
1
12 7
1
10 7
1
9 7
1
8 7
1
7 7
1
8 6
1
8 5
1
8 4
1
7 6
1
9 5
1
9 4
1
10 3
1
11 3
1
12 3
1
13 3
1
10 4
1
12 4
1
11 4
1
13 4
1
14 4
1
15 4
1
17 4
1
16 4
1
19 5
1
18 5
1
19 6
1
18 6
1
20 6
1
17 6
1
17 5
1
16 6
1
15 5
1
15 6
1
14 6
1
14 5
1
16 5
1
13 5
1
12 6
1
12 5
1
13 6
1
10 5
1
10 6
1
11 6
1
11 5
1
9 6
1
8 10
2
8 11
2
12 10
2
12 11
2
8 13
1
9 13
1
10 13
1
11 13
1
8 14
1
7 14
1
5 12
1
5 13
1
5 14
1
6 14
1
5 15
1
5 16
1
5 17
1
4 16
1
4 17
1
6 16
1
6 15
1
8 15
1
7 15
1
19 8
1
19 9
1
18 10
1
18 11
1
18 12
1
18 13
1
19 14
1
19 15
1
20 16
1
20 17
1
12 14
1
13 14
1
15 14
1
14 14
1
16 14
1
18 14
1
17 14
1
11 14
1
10 14
1
9 14
1
9 15
1
10 15
1
11 15
1
12 15
1
15 15
1
13 15
1
14 15
1
17 15
1
18 15
1
16 15
1
16 16
1
17 16
1
18 16
1
19 16
1
19 17
1
18 17
1
17 18
1
17 17
1
14 20
1
7 16
1
8 16
1
9 16
1
10 16
1
12 16
1
11 16
1
14 16
1
13 16
1
15 16
1
9 17
1
11 17
1
13 17
1
14 23
1
14 24
1
13 23
1
12 23
1
11 23
1
11 24
1
11 25
1
14 25
1
6 17
1
8 17
1
7 17
1
7 18
1
6 18
1
8 18
1
8 19
1
9 19
1
9 18
1
10 17
1
10 18
1
11 20
1
10 19
1
10 20
1
11 19
1
12 17
1
11 18
1
12 19
1
12 20
1
13 20
1
13 18
1
12 18
1
15 19
1
14 19
1
14 17
1
16 18
1
16 17
1
15 17
1
14 18
1
15 18
1
13 19
1
